0.826534394642
0.626743466487
0.664323278523
0.561478821692
0.850938787937
0.717491485785
0.620809479618
0.454090739009
0.645218996158
0.68444958054
0.870358973932
0.887863035387
0.70568179748
0.566276887967
0.590241397335
0.684598967308
0.597430131671
0.725402198077
0.685529955161
0.556812860494
0.624892846596
1.05282893763
1.03593547087
0.952617536731
0.996555499724
0.783987002734
0.494937792429
0.335416957095
0.349802218813
0.589211384191
0.627735668913
0.927733847615
0.885126074304
1.01896393519
0.995910879221
0.798679944912
0.511617315553
0.421837171285
0.650252266463
0.708807759049
0.555101980971
0.593499166225
0.864535560964
0.937485494991
0.893496933712
0.994664992551
0.943421402974
0.887549701398
0.754633692641
0.686879538508
0.558802849823
0.648865726334
0.636199329981
0.639550248021
0.495214278664
0.467279745394
0.471069524518
0.352188738658
0.523987141065
0.548743683795
0.615971955305
0.669936810287
0.666760896309
0.716615474215
0.783567209992
0.73851197475
0.714102417494
0.860255399255
0.893287797757
1.06844207689
0.988465928347
1.03135951985
0.882905105626
0.866838603477
0.73853930911
0.69976291757
0.522084629622
0.445119682476
0.358251370435
0.621273001068
0.999555976525
0.959186619403
1.01713557041
0.920362997261
0.689098560961
0.693201904303
0.605370710617
0.689113101805
0.809724120137
0.645633618289
0.597588704109
0.589094807587
0.556784092078
0.503729546114
0.554957390586
0.555106358969
0.880300452519
0.966554192144
0.838051525584
0.682485854453
0.588643442575
0.649989855561
0.676215591892
0.747764614849
0.873016621108
0.882090364074
0.925677141732
1.02014754632
0.84643489557
0.791539429253
0.806312621249
0.796410286828
0.697022201904
0.686067845337
0.923157110634
0.765851839927
0.644031239545
0.557525424499
0.713175549812
1.02889632205
1.00720170764
0.650411317092
0.730504905748
0.762494823614
0.712891527446
0.812455217088
0.666786432331
0.753746141242
1.02764064783
0.949492405122
0.916155816524
0.783258731042
0.886253263809
0.877954752641
0.857424353559
0.721699711604
0.526355612743
0.776213575626
0.735599429824
0.693949429572
0.835474707195
0.893495088009
0.96915201037
0.753239878711
0.674086739434
0.598421175056
0.775826568732
0.872774666909
0.648419241811
0.874871952598
1.00207591755
0.996353198649
0.697924939026
0.698287944549
0.732414617072
0.581672901156
0.5705359423
0.597805176231
0.486073220115
0.406282385215
0.493911367967
0.673033360861
0.642136476992
0.822636303964
0.8550906475
0.827768822914
0.589684032584
0.669485904288
0.50810623672
0.592030802583
0.932438974809
0.943921108203
0.945607468598
0.86430464364
0.821748343569
0.972894430773
0.784706772048
0.668486312397
0.631165582707
0.686480472966
0.651474931775
0.622627597908
0.828070242774
0.678018569607
0.909232548412
0.700230580138
0.906424585136
0.886339692883
0.980420081247
0.897692150965
0.94643634093
0.918539340782
1.02843336778
0.718769497177
0.752308890929
0.60534134912
0.603345813883
0.773767084963
0.825187577101
0.632053873406
0.694509382064
1.03364096336
1.10220902144
0.83404055093
0.566365378314
0.477735279472
0.684020281127
0.650253327354
0.774259687105
0.818103380332
0.835062311016
1.03091401295
1.05161448909
1.0075989171
0.984746641379
0.946070422865
0.860146358782
0.790382366444
0.683398368744
0.746650199768
0.784726717014
0.829720366594
0.779802947193
0.568744138896
0.566599532536
0.806084730925
0.700769976484
0.772266269146
0.76770030184
0.785453602016
0.595376288385
0.669004061442
0.612399471165
0.90469949064
0.893849135942
0.914562900296
0.98392068159
0.682388853018
0.472659762863
0.560576499586
0.460156568414
0.760237667717
0.775976054871
0.730596632921
0.698525942344
0.705284065987
0.665286294306
0.793382843245
0.818572934748
0.592264822666
0.599586495196
0.603545025933
0.951852510709
0.97499244705
0.88507440597
0.701756364795
0.730020763121
0.7868569259
0.984625820916
0.804126929926
0.683037164928
0.717162915131
0.595047539594
0.627780863076
0.60203072573
0.586589599289
0.694246562166
0.931499064133
0.893609662311
0.657697221769
0.449040896291
0.375930217173
0.374861706735
0.423632296227
0.738133001975
0.966673210901
0.55299175998
0.675573789989
0.756186706338
0.756912726612
0.906386119313
0.773815150954
0.743883236743
0.88638331335
0.922728048028
0.909525247562
0.964602380186
0.894123673804
0.807338469298
0.562959974418
0.514026133525
0.476408233264
0.512975158449
0.48374243531
0.516984553617
0.760471906651
0.984116967434
0.891539985839
0.84445505221
0.565146221474
0.657395702465
0.589890074492
0.687144025973
0.553036174129
0.752567979223
0.790304617365
0.855108840187
0.704039195061
0.786715193161
0.690835753151
0.814133315714
0.92391289819
0.619417895009
0.713248567612
0.595446635472
0.513397395562
0.505959088835
0.635360715248
0.736807021384
0.708579417945
0.680567831416
0.695903779844
0.562100634703
0.573657105425
0.883363441734
0.543763554368
0.536553217726
0.794585524392
0.430560187928
0.706649717658
0.539372595403
0.648214960894
0.719616562196
0.83681676708
0.895735483968
0.674150352233
1.04810488716
0.816192104181
0.786448454207
0.702039696841
0.728889462833
0.668066429514
0.64841748082
0.411267325754
0.290484758967
0.403828884888
0.25631667675
0.368535959524
0.552934473623
0.681775311005
0.789916549579
0.640166059464
0.625260738555
0.544891252241
0.606451970573
0.751444477843
0.681059407433
0.440769896483
0.475481538695
0.858733761665
0.872213609601
0.945378303482
0.630707055864
0.770969417676
0.792383625655
0.723632329863
0.361318378008
0.386790403417
0.554979773817
0.552800218201
0.757019787243
0.946047571304
0.679932124504
0.472559449048
0.49435175155
0.414647015492
0.488158872551
0.437746880396
0.555810856851
0.73211357144
0.700219776845
0.858277873139
0.688547010396
0.94672021061
1.06000025929
0.623106849731
0.653495535224
0.471838377236
0.743076850901
0.514301282496
0.651199091863
0.824239057167
0.625429562912
0.848955020091
0.774603162605
0.739504922495
0.968945000995
0.753932644488
0.948274398166
1.90313851953
