0.805728770163
0.6546696679
0.738475512237
0.635269822886
0.86598976578
0.713063070208
0.601103355259
0.547207221999
0.712713056619
0.733406727278
0.838169881276
0.854756010371
0.639131792496
0.634531191264
0.641299406772
0.709577579937
0.651254240261
0.732027258807
0.648348246743
0.610992066201
0.694841248591
0.927622658981
0.959502906518
0.9558196999
0.962638383201
0.756829210719
0.523111250104
0.424525938406
0.487441422721
0.601361319742
0.714530469429
0.928823800405
0.935507379611
0.960170666223
0.860353208523
0.656317888729
0.543202258769
0.496620765372
0.58155179824
0.645462737172
0.65507673432
0.680248084154
0.839034491843
0.882693101796
0.829535544725
0.902991888071
0.934177705426
0.814154417989
0.75881831007
0.691631969766
0.623416446429
0.712329595535
0.683885849117
0.658218618099
0.587279902618
0.544953961578
0.493977159378
0.424376041393
0.621299487822
0.601344388385
0.614999421065
0.643699316156
0.701159065999
0.749758281626
0.782849079602
0.78895938616
0.732430301243
0.827671911363
0.857845660501
0.957134488672
0.960809877962
0.894806147375
0.79862572065
0.77333632452
0.782249122989
0.771862802211
0.576368126986
0.499429670032
0.443496743197
0.645126761101
0.954657140096
0.851539073475
0.889671976596
0.930112699005
0.711723038316
0.679348485695
0.655596143839
0.650117509555
0.76049603638
0.65676448919
0.532890956948
0.564656325159
0.576899813133
0.533270477349
0.566651984596
0.584203738773
0.849957196259
0.895614670328
0.805960625224
0.727059406612
0.625270969316
0.653401918157
0.688512820062
0.807770613888
0.784248436489
0.861440326303
0.931382727334
0.918558654283
0.698344326608
0.679919753985
0.772535208123
0.676159857058
0.712512644086
0.689633735112
0.796985956415
0.665209458003
0.507056409511
0.489276176378
0.785119208992
0.949903191688
0.934954274294
0.65663979396
0.652499632716
0.661938123973
0.685781835866
0.835977181146
0.735989769329
0.81372621714
0.924335137511
0.964018538666
0.714852225681
0.697166339599
0.789034216567
0.882257709993
0.772709282147
0.67843743414
0.650161797801
0.814148640355
0.768842961442
0.811781300775
0.875018830906
0.892496518422
0.983947476803
0.802549387903
0.739568854937
0.66945079244
0.822436909652
0.946643427481
0.664323826777
0.899189051476
0.90839059548
0.851284216894
0.7475764642
0.765337397025
0.708846314722
0.652775103334
0.624245086165
0.610585745028
0.533569125643
0.568976626345
0.502363942535
0.696673908576
0.688694363141
0.829994898896
0.791206413014
0.67114155338
0.643352015062
0.579130463181
0.589261483182
0.639711866252
0.881910799935
0.853203312682
0.864456615203
0.812941256762
0.78643450412
0.882512284103
0.775209700555
0.634447241736
0.629581084677
0.608484251295
0.64346972834
0.568904633401
0.747447420696
0.681390500721
0.855479736121
0.733351946062
0.906608411808
0.881311531132
0.858895901302
0.844756361005
0.842690041491
0.823860735953
0.952660774412
0.722500727998
0.704104546203
0.618635373774
0.635221561939
0.690096218459
0.735002997525
0.708261201576
0.706845930146
0.999563123365
0.997192152985
0.675585068195
0.52206413848
0.582201943965
0.650269827475
0.619109170804
0.652356254435
0.820182586676
0.839148522677
0.970228775099
0.96728872402
0.922300542994
0.90323688893
0.861699032479
0.826135637394
0.807354592803
0.671567536984
0.719226245528
0.724002842575
0.776437470509
0.690069190136
0.602122487771
0.55787349455
0.687858647533
0.685453746252
0.733602616475
0.803854473943
0.72144319026
0.681020867463
0.660197705198
0.601907686357
0.877289584666
0.856580500963
0.857864411817
0.88823353883
0.667093704585
0.535864300397
0.527633807045
0.609303767306
0.778537144283
0.810699895311
0.709422875815
0.794577989995
0.720052664931
0.674672766493
0.799373349698
0.792311198877
0.707143383087
0.719471528041
0.706795010101
0.943182344591
0.83749555854
0.700833966023
0.677895262809
0.763396556474
0.789338196152
0.905782729131
0.824764719063
0.643456931868
0.687915062382
0.740106321807
0.75047067242
0.679335563297
0.655037596518
0.680227748216
0.845748889081
0.702680556262
0.651223874948
0.526174229759
0.471515294836
0.584847124522
0.5804417418
0.784214387449
0.903418502419
0.687045083908
0.666046647063
0.695925553327
0.722550411335
0.825298565657
0.744347114082
0.781568334903
0.939064495053
0.88518449795
0.889769919598
0.853563074728
0.780752525071
0.755398534766
0.560572560233
0.546699147437
0.554957346769
0.627473419311
0.646446706226
0.660075864226
0.706654582504
0.8353451723
0.873515131708
0.711871499216
0.597483476942
0.722500049525
0.704853991059
0.739522640169
0.644477879372
0.771677910801
0.812173578522
0.82641898441
0.685200587341
0.698039781724
0.749785186844
0.839705477589
0.796896396403
0.584206851641
0.634996786664
0.609411000367
0.539089956495
0.561821519452
0.752493818807
0.775175583925
0.718520353729
0.727165342614
0.674880376952
0.601879980377
0.645340163624
0.852610551991
0.560913628495
0.530548469216
0.786083685397
0.511752875785
0.76599183111
0.62397963217
0.647552794932
0.735946725683
0.74575394499
0.847785913027
0.724694953681
0.936885437614
0.785846843406
0.776785273103
0.700087575326
0.778560941598
0.639477969978
0.619592882625
0.457263365125
0.504842711639
0.511617088847
0.432025284683
0.4602742249
0.611368443128
0.69911154553
0.782904475255
0.621817981259
0.592615445821
0.525000900297
0.649770881151
0.789759811413
0.608153712261
0.5491907208
0.653005602265
0.789228009946
0.906958552057
0.91161812564
0.637535428939
0.760317887824
0.83719854897
0.722877091438
0.512552733514
0.507819810858
0.595400051086
0.619018195593
0.818669819766
0.938309491592
0.731168419626
0.564977387588
0.535266783962
0.468157702212
0.480868989611
0.517926800083
0.66175210693
0.774723043017
0.742635969476
0.835023074604
0.621520756684
0.962721611494
0.9808723286
0.588250838685
0.627025387939
0.516729837637
0.735319021144
0.6247150336
0.709057437842
0.831259203569
0.705630632485
0.856199553206
0.808426024407
0.811367714086
0.908346583921
0.722712481863
0.930324959226
1.26243972717
